
59.6363	-153.4051	129	7.1
51.8486	178.7352	109	7.9
51.537	-175.2297	29	7
55.393	-134.652	10	7.5
52.788	-132.101	14	7.8
28.696	-113.104	13	7
52.05	-171.836	52	7.3
32.2861667	-115.2953333	9.987	7.2
18.443	-72.571	13	7
51.36	-179.509	34	7.2
60.949	167.089	22	7.6
41.292	-125.953	16	7.2
51.146	178.65	33	7.8
51.272	177.978	33	7.1
50.3298	177.5472	5	7
18.77	-104.104	24	7.6
63.5141	-147.4529	4.2	7.9
57.078	-153.211	33	7
57.413	-154.489	66	7
34.6033333	-116.265	13.73	7.1
18.386	-97.436	70	7
18.219	-102.756	33	7.2
51.478	-176.847	26.3	7.3
51.564	-177.632	33	7.9
19.055	-104.205	33	8
40.4055	-126.3028333	4.972	7
34.2	-116.437	-0.097	7.3
40.3353333	-124.2286667	9.856	7.2
41.679	-125.856	1.303	7
54.567	-161.606	28.4	7
53.452	169.871	24.8	7.1
55.543	-156.835	11.4	7.1
56.953	-143.032	10	7.8
58.679	-142.786	10	7.9
51.52	-174.776	33	8
18.404	-102.973	26.5	7
18.19	-102.533	27.9	8
18.048	-102.084	33	7.3
51.744	176.274	33	7
41.117	-124.253	19	7.2
60.642	-141.593	15	7.1
19.333	-155.0015	8.95	7.7
53.113	173.497	10	7.6
18.481	-102.996	43	7.5
56.724	-135.853	25	7.6
51.396	-177.318	24.2	7
51.409	-176.974	28.9	7
51.692	-131.055	18.3	7.4
52.487	-174.915	164.1	7.1
58.09	-152.525	27.8	7
52.99	-167.739	45	7.8
50.282	177.959	20	7.6
51.443	179.605	30	7.3
51.251	178.715	30.3	8.7
18.136	-100.605	93.3	7.3
60.908	-147.339	25	9.2
44.63	-110.891	10	7.2
58.23	-136.712	10	7.8
65.915	-156.343	15	7.1
55.869	-153.964	15	7
53.778	-165.771	46.6	7.1
51.419	-178.87	25	7.2
51.196	-176.733	25	7.1
51.481	-177.243	20	7.1
51.339	-178.602	25	7
52.691	-169.191	35	7.1
51.499	-175.626	25	8.6
39.346	-117.981	10	7.1
29.112	-113.024	10	7.2
53.631	170.973	21.3	7
34.9581667	-118.998	6	7.5
53.673	-133.015	10	8.2
54.61	-161.19	25	7.1
64.131	-148.613	26	7.2
51.752	-174.453	25	7
19.538	-69.657	15	7
19.083	-69.248	15	7.5
49.621	-125.261	15	7.5
53.492	-162.832	15	8.6
61.776	-151.051	15	7.6
18.905	-67.131	15	7.7
18.69	-102.994	30	7.6
51.035	174.97	15	7.1
29.268	-113.54	10	7
55.178	-158.181	35	8.3
64.726	-146.565	10	7
18.499	-105.276	15	7.1
19.373	-104.224	25	7.7
19.419	-103.907	15	7.8
19.786	-103.784	15	8.1
53.559	171.972	20	7.8
51.474	-177.771	35	7.3
51.473	-178.152	35	7
51	-130.713	15	7.3
50.852	-169.753	15	7.8
57.776	-136.67	10	7.3
51.49	-175.288	40	7
18.496	-106.846	15	7
55.35	167.086	15	7
55.828	-156.832	25	7
41.115	-125.54	15	7.3
18.802	-67.219	15	7.1
54.934	-159.433	35	7.4
50.459	179.051	15	7
18.517	-102.442	30	7.6
51.853	178.18	110	8.3
37.75	-122.55	11.7	7.9
60	-142	0	7.7

